178
147
14
3
0
480
0
640









































































































































































































































































































